# Dolby Vision Display Management Configuration File
# Date : 10/23/2023
# Brand Model Number: N16 2312DRA50C

[Global]
DMSwVersion = 4.0
Tmax = 1200
Tmin = 0.0005
#TPrimaries = 0.683 0.310 0.224 0.74 0.138 0.035 0.305 0.320
TPrimaries = 0.68 0.32 0.265 0.69 0.15 0.06 0.3 0.315

TEOTF = POWER
Tgamma = 2.3

Ambient = 8
TSurroundReflection = 0.5
TScreenReflection = 0.0005
ALDelayMilliSec = 50
ALResponseFall = 0.004
ALResponseRise = 0.02
ALOperationalRate = 50
TFrontLux = 1000
TFrontLuxScale = 1


RGB2YCCmat=0.2249515012 0.5805731287 0.0507803555 -0.1222960562 -0.3156316076 0.4379276637 0.4379276637 -0.4027047292 -0.0352229345
RGB2YCCOffsetNorm=0.0625 0.5 0.5

BLUPwm = 19 32 48 64 128 
BLULight = 1200 1200 1200 1200 1200 
BLULightMin = 0.0001 0.0001 0.0001 0.0001 0.0001

[PictureMode = 0]
PictureModeName = Dolby Vision Standard
DBrightness = 0.3

[PictureMode = 1]
PictureModeName = Dolby Vision Bright
DBrightness = 0.3

[PictureMode = 2]
PictureModeName = Dolby Vision Vivid
DBrightness = 0.3

[PictureMode = 3]
PictureModeName = Dolby Vision Cinema
Ambient = 0



